(title "Wall Yplus")
(labels "Position" "Wall Yplus")

((xy/key/label "wall_hull")
1.504	0.253266
1.502	0.253294
1.5	0.253319
1.498	0.253342
1.496	0.253366
1.494	0.253393
1.492	0.253422
1.49	0.253452
1.488	0.253483
1.486	0.253516
1.484	0.253548
1.482	0.253581
1.48	0.253614
1.478	0.253647
1.476	0.25368
1.474	0.253713
1.472	0.253741
1.47	0.253757
1.468	0.253771
1.466	0.25379
1.464	0.253816
1.462	0.253849
1.46	0.25389
1.458	0.253926
1.456	0.253944
1.454	0.25396
1.452	0.253979
1.45	0.254005
1.448	0.254043
1.446	0.254085
1.444	0.254125
1.442	0.25415
1.44	0.25416
1.438	0.254183
1.436	0.25422
1.434	0.254264
1.432	0.254311
1.43	0.254351
1.428	0.254374
1.426	0.254382
1.424	0.254399
1.422	0.254428
1.42	0.254461
1.418	0.254496
1.416	0.254532
1.414	0.254565
1.412	0.254589
1.41	0.2546
1.408	0.254604
1.406	0.254597
1.404	0.2546
1.402	0.25464
1.4	0.254702
1.398	0.254773
1.396	0.254854
1.394	0.254912
1.392	0.254923
1.39	0.254928
1.388	0.254945
1.386	0.25496
1.384	0.254987
1.382	0.255024
1.38	0.255067
1.378	0.255112
1.376	0.255148
1.374	0.255171
1.372	0.255181
1.37	0.255192
1.368	0.255208
1.366	0.255236
1.364	0.255278
1.362	0.255325
1.36	0.255373
1.358	0.255423
1.356	0.255462
1.354	0.255475
1.352	0.255481
1.35	0.255498
1.348	0.255529
1.346	0.255568
1.344	0.255606
1.342	0.255643
1.34	0.255682
1.338	0.255718
1.336	0.255739
1.334	0.255754
1.332	0.255768
1.33	0.255784
1.328	0.255813
1.326	0.255854
1.324	0.255891
1.322	0.255922
1.32	0.255951
1.318	0.255981
1.316	0.256011
1.314	0.256038
1.312	0.256063
1.31	0.256087
1.308	0.256112
1.306	0.256138
1.304	0.256166
1.302	0.256199
1.3	0.256234
1.298	0.256269
1.296	0.256299
1.294	0.256323
1.292	0.256345
1.29	0.25637
1.288	0.256398
1.286	0.256432
1.284	0.256465
1.282	0.256489
1.28	0.256504
1.278	0.25651
1.276	0.256513
1.274	0.25652
1.272	0.256531
1.27	0.256557
1.268	0.256608
1.266	0.256661
1.264	0.256711
1.262	0.256758
1.26	0.256791
1.258	0.256808
1.256	0.256824
1.254	0.256841
1.252	0.256857
1.25	0.256872
1.248	0.256901
1.246	0.256959
1.244	0.257027
1.242	0.257096
1.24	0.257158
1.238	0.257208
1.236	0.257242
1.234	0.257264
1.232	0.257292
1.23	0.257329
1.228	0.257372
1.226	0.257426
1.224	0.257485
1.222	0.257544
1.22	0.257599
1.218	0.257648
1.216	0.257693
1.214	0.257738
1.212	0.257783
1.21	0.257829
1.208	0.257878
1.206	0.257932
1.204	0.25799
1.202	0.258052
1.2	0.258116
1.198	0.258178
1.196	0.258237
1.194	0.258295
1.192	0.258353
1.19	0.258415
1.188	0.25848
1.186	0.258551
1.184	0.258629
1.182	0.258711
1.18	0.258791
1.178	0.25887
1.176	0.258929
1.174	0.258953
1.172	0.258979
1.17	0.259016
1.168	0.259066
1.166	0.259143
1.164	0.259239
1.162	0.259349
1.16	0.259462
1.158	0.25956
1.156	0.259644
1.154	0.259699
1.152	0.259727
1.15	0.259774
1.148	0.259839
1.146	0.259905
1.144	0.259979
1.142	0.260055
1.14	0.260127
1.138	0.260191
1.136	0.260248
1.134	0.260303
1.132	0.260361
1.13	0.260426
1.128	0.260498
1.126	0.260578
1.124	0.260661
1.122	0.260744
1.12	0.260821
1.118	0.260891
1.116	0.260957
1.114	0.261022
1.112	0.261093
1.11	0.261174
1.108	0.261263
1.106	0.261353
1.104	0.261439
1.102	0.261519
1.1	0.26159
1.098	0.261654
1.096	0.261726
1.094	0.261812
1.092	0.261904
1.09	0.262
1.088	0.262096
1.086	0.262189
1.084	0.262278
1.082	0.262365
1.08	0.262456
1.078	0.262543
1.076	0.262621
1.074	0.262699
1.072	0.262779
1.07	0.262863
1.068	0.262961
1.066	0.263077
1.064	0.263213
1.062	0.263366
1.06	0.263525
1.058	0.263669
1.056	0.263797
1.054	0.263905
1.052	0.263998
1.05	0.264115
1.048	0.264254
1.046	0.264397
1.044	0.264552
1.042	0.264725
1.04	0.264921
1.038	0.265136
1.036	0.265363
1.034	0.265595
1.032	0.26583
1.03	0.26607
1.028	0.266313
1.026	0.266549
1.024	0.266768
1.022	0.266976
1.02	0.267186
1.018	0.267404
1.016	0.267616
1.014	0.267789
1.012	0.267898
1.01	0.267937
1.008	0.267904
1.006	0.267769
1.004	0.267573
1.002	0.266758
1	0.235555
2.5	0.379093
2.498	0.319051
2.496	0.251137
2.494	0.243702
2.492	0.24474
2.49	0.245393
2.488	0.245403
2.486	0.245405
2.484	0.245398
2.482	0.2454
2.48	0.245401
2.478	0.245401
2.476	0.245407
2.474	0.245425
2.472	0.245438
2.47	0.245443
2.468	0.245451
2.466	0.245468
2.464	0.245497
2.462	0.245533
2.46	0.245571
2.458	0.245588
2.456	0.245573
2.454	0.245558
2.452	0.245556
2.45	0.245572
2.448	0.24561
2.446	0.24564
2.444	0.245639
2.442	0.245623
2.44	0.245592
2.438	0.245573
2.436	0.245606
2.434	0.245655
2.432	0.245699
2.43	0.245744
2.428	0.245768
2.426	0.245762
2.424	0.245756
2.422	0.245759
2.42	0.245766
2.418	0.245787
2.416	0.245812
2.414	0.245834
2.412	0.245852
2.41	0.245863
2.408	0.245866
2.406	0.245873
2.404	0.245886
2.402	0.2459
2.4	0.245914
2.398	0.245925
2.396	0.245935
2.394	0.245948
2.392	0.245965
2.39	0.245985
2.388	0.246005
2.386	0.246023
2.384	0.246037
2.382	0.246048
2.38	0.246059
2.378	0.246075
2.376	0.246096
2.374	0.24612
2.372	0.246142
2.37	0.246159
2.368	0.24617
2.366	0.246173
2.364	0.246174
2.362	0.246172
2.36	0.246169
2.358	0.246178
2.356	0.246207
2.354	0.24625
2.352	0.246304
2.35	0.246358
2.348	0.246399
2.346	0.246426
2.344	0.24643
2.342	0.24641
2.34	0.246395
2.338	0.246389
2.336	0.24639
2.334	0.246408
2.332	0.24644
2.33	0.246468
2.328	0.246496
2.326	0.246531
2.324	0.246566
2.322	0.246594
2.32	0.246619
2.318	0.246634
2.316	0.246633
2.314	0.246638
2.312	0.246646
2.31	0.246653
2.308	0.24666
2.306	0.246672
2.304	0.246693
2.302	0.246716
2.3	0.246739
2.298	0.24676
2.296	0.246777
2.294	0.246789
2.292	0.246796
2.29	0.246805
2.288	0.24682
2.286	0.246839
2.284	0.246858
2.282	0.246872
2.28	0.246876
2.278	0.246874
2.276	0.246873
2.274	0.246887
2.272	0.246926
2.27	0.246974
2.268	0.247017
2.266	0.247045
2.264	0.247061
2.262	0.247068
2.26	0.247069
2.258	0.247079
2.256	0.247092
2.254	0.247104
2.252	0.24712
2.25	0.247133
2.248	0.247138
2.246	0.247135
2.244	0.247127
2.242	0.247117
2.24	0.247109
2.238	0.247122
2.236	0.247168
2.234	0.247223
2.232	0.247276
2.23	0.24734
2.228	0.247379
2.226	0.247369
2.224	0.247362
2.222	0.247364
2.22	0.247364
2.218	0.24737
2.216	0.247373
2.214	0.247367
2.212	0.247355
2.21	0.247346
2.208	0.24734
2.206	0.247344
2.204	0.247372
2.202	0.247408
2.2	0.247442
2.198	0.247474
2.196	0.247499
2.194	0.247522
2.192	0.247544
2.19	0.247567
2.188	0.247586
2.186	0.247593
2.184	0.247589
2.182	0.247584
2.18	0.247582
2.178	0.247587
2.176	0.247598
2.174	0.247614
2.172	0.247627
2.17	0.247644
2.168	0.247665
2.166	0.247688
2.164	0.247711
2.162	0.247728
2.16	0.247731
2.158	0.24772
2.156	0.247705
2.154	0.247691
2.152	0.247683
2.15	0.247699
2.148	0.247745
2.146	0.247795
2.144	0.247839
2.142	0.247874
2.14	0.247895
2.138	0.2479
2.136	0.247895
2.134	0.247892
2.132	0.247894
2.13	0.247904
2.128	0.247926
2.126	0.247946
2.124	0.247955
2.122	0.247959
2.12	0.247959
2.118	0.247965
2.116	0.247986
2.114	0.248016
2.112	0.248049
2.11	0.24808
2.108	0.248091
2.106	0.24808
2.104	0.248065
2.102	0.248056
2.1	0.248057
2.098	0.248076
2.096	0.248106
2.094	0.248131
2.092	0.24815
2.09	0.248172
2.088	0.248194
2.086	0.248215
2.084	0.248229
2.082	0.248236
2.08	0.248241
2.078	0.248247
2.076	0.248255
2.074	0.248269
2.072	0.248288
2.07	0.248309
2.068	0.248329
2.066	0.248348
2.064	0.248363
2.062	0.248376
2.06	0.248386
2.058	0.24839
2.056	0.248394
2.054	0.2484
2.052	0.248406
2.05	0.248412
2.048	0.248418
2.046	0.248423
2.044	0.248429
2.042	0.248447
2.04	0.248487
2.038	0.248535
2.036	0.248586
2.034	0.248629
2.032	0.248651
2.03	0.248644
2.028	0.248627
2.026	0.248617
2.024	0.248626
2.022	0.248658
2.02	0.248691
2.018	0.248714
2.016	0.248712
2.014	0.248698
2.012	0.248689
2.01	0.248696
2.008	0.248734
2.006	0.248782
2.004	0.248826
2.002	0.248864
2	0.248885
1.998	0.248883
1.996	0.248873
1.994	0.24886
1.992	0.248856
1.99	0.248896
1.988	0.248968
1.986	0.249039
1.984	0.249097
1.982	0.249131
1.98	0.249134
1.978	0.249112
1.976	0.2491
1.974	0.249101
1.972	0.24911
1.97	0.249128
1.968	0.249146
1.966	0.249164
1.964	0.249191
1.962	0.249224
1.96	0.249262
1.958	0.249301
1.956	0.249337
1.954	0.249366
1.952	0.249387
1.95	0.249402
1.948	0.249416
1.946	0.249429
1.944	0.249448
1.942	0.249469
1.94	0.249486
1.938	0.249504
1.936	0.249525
1.934	0.249545
1.932	0.249562
1.93	0.249576
1.928	0.249589
1.926	0.249605
1.924	0.249626
1.922	0.249653
1.92	0.249688
1.918	0.24973
1.916	0.249772
1.914	0.249807
1.912	0.249833
1.91	0.249846
1.908	0.249845
1.906	0.249843
1.904	0.249845
1.902	0.249849
1.9	0.249867
1.898	0.249891
1.896	0.249917
1.894	0.249946
1.892	0.249965
1.89	0.249968
1.888	0.249963
1.886	0.249958
1.884	0.24996
1.882	0.249985
1.88	0.250028
1.878	0.250069
1.876	0.2501
1.874	0.250116
1.872	0.250114
1.87	0.250107
1.868	0.250116
1.866	0.250131
1.864	0.250134
1.862	0.250117
1.86	0.250087
1.858	0.250088
1.856	0.250145
1.854	0.250211
1.852	0.250265
1.85	0.2503
1.848	0.250288
1.846	0.25024
1.844	0.250196
1.842	0.25017
1.84	0.250162
1.838	0.250186
1.836	0.250233
1.834	0.250265
1.832	0.250274
1.83	0.250266
1.828	0.250251
1.826	0.25024
1.824	0.250245
1.822	0.250269
1.82	0.250283
1.818	0.250277
1.816	0.250267
1.814	0.250259
1.812	0.250267
1.81	0.250289
1.808	0.250294
1.806	0.250281
1.804	0.250262
1.802	0.250239
1.8	0.250216
1.798	0.250203
1.796	0.250205
1.794	0.250231
1.792	0.250277
1.79	0.250326
1.788	0.250364
1.786	0.250372
1.784	0.250359
1.782	0.250337
1.78	0.250309
1.778	0.250286
1.776	0.250275
1.774	0.250274
1.772	0.250281
1.77	0.250323
1.768	0.25038
1.766	0.250419
1.764	0.250448
1.762	0.250458
1.76	0.250449
1.758	0.250439
1.756	0.250432
1.754	0.250427
1.752	0.250434
1.75	0.25046
1.748	0.25049
1.746	0.250515
1.744	0.250535
1.742	0.250549
1.74	0.250557
1.738	0.250568
1.736	0.250593
1.734	0.250629
1.732	0.25067
1.73	0.250715
1.728	0.250755
1.726	0.250785
1.724	0.250807
1.722	0.250822
1.72	0.250833
1.718	0.250848
1.716	0.250868
1.714	0.25089
1.712	0.250917
1.71	0.250949
1.708	0.250985
1.706	0.251022
1.704	0.25106
1.702	0.251095
1.7	0.251126
1.698	0.251152
1.696	0.251173
1.694	0.251191
1.692	0.251212
1.69	0.251238
1.688	0.251271
1.686	0.25131
1.684	0.251352
1.682	0.251395
1.68	0.251436
1.678	0.251474
1.676	0.251508
1.674	0.251539
1.672	0.251568
1.67	0.251595
1.668	0.251622
1.666	0.251649
1.664	0.251677
1.662	0.251703
1.66	0.251725
1.658	0.251738
1.656	0.251741
1.654	0.251743
1.652	0.251743
1.65	0.25175
1.648	0.251779
1.646	0.251821
1.644	0.25187
1.642	0.25192
1.64	0.251963
1.638	0.251999
1.636	0.252033
1.634	0.252069
1.632	0.252092
1.63	0.252085
1.628	0.252068
1.626	0.252059
1.624	0.252066
1.622	0.25209
1.62	0.25211
1.618	0.252119
1.616	0.252133
1.614	0.252165
1.612	0.252214
1.61	0.252267
1.608	0.252319
1.606	0.252342
1.604	0.252325
1.602	0.252305
1.6	0.252297
1.598	0.252298
1.596	0.252318
1.594	0.252347
1.592	0.252366
1.59	0.252378
1.588	0.252392
1.586	0.252406
1.584	0.252421
1.582	0.252435
1.58	0.25245
1.578	0.252464
1.576	0.252479
1.574	0.252493
1.572	0.252507
1.57	0.252523
1.568	0.25254
1.566	0.252559
1.564	0.252579
1.562	0.252599
1.56	0.252617
1.558	0.252633
1.556	0.252647
1.554	0.252659
1.552	0.252672
1.55	0.252686
1.548	0.252704
1.546	0.252726
1.544	0.252751
1.542	0.252778
1.54	0.252806
1.538	0.252833
1.536	0.252859
1.534	0.252883
1.532	0.252904
1.53	0.252922
1.528	0.252941
1.526	0.252963
1.524	0.252987
1.522	0.253013
1.52	0.253039
1.518	0.253064
1.516	0.253089
1.514	0.253114
1.512	0.253141
1.51	0.25317
1.508	0.253201
1.506	0.253234
1.504	0.253266
)
